GGMAX 2.42 FIRE trace — 27 sampled frames, 0 frames the gun update EARLY-OUT
n    fmode click gmode  prsTrig  mustRel  ammo   gid  froz lofps hud  run  mov  norunshoot
0    0     0     101    0        0        25     134  0    0    -1   0    0    0
1    0     0     102    0        0        25     134  0    0    -1   0    0    0
2    0     0     102    0        0        25     134  0    0    -1   0    0    0
3    0     0     102    0        0        25     134  0    0    -1   0    0    0
4    0     0     102    0        0        25     134  0    0    -1   0    0    0
5    0     0     102    0        0        25     134  0    0    -1   0    0    0
6    0     0     102    0        0        25     134  0    0    -1   0    0    0
7    0     0     102    0        0        25     134  0    0    -1   0    0    0
8    0     0     106    0        0        24     134  0    0    -1   0    0    0
9    0     0     106    0        0        24     134  0    0    -1   0    0    0
10   0     0     106    0        0        24     134  0    0    -1   0    0    0
11   0     0     106    0        0        24     134  0    0    -1   0    0    0
12   0     0     5      0        0        24     134  0    0    -1   0    0    0
13   0     0     6      0        0        24     134  0    0    -1   0    0    0
14   0     0     6      0        0        24     134  0    0    -1   0    0    0
15   0     0     6      0        0        24     134  0    0    -1   0    0    0
16   0     0     8      0        0        24     134  0    0    -1   0    0    0
17   0     0     8      0        0        24     134  0    0    -1   0    0    0
18   0     0     8      0        0        24     134  0    0    -1   0    0    0
19   0     0     8      0        0        24     134  0    0    -1   0    0    0
20   0     0     8      0        0        24     134  0    0    -1   0    0    0
21   0     0     8      0        0        24     134  0    0    -1   0    0    0
22   0     0     8      0        0        24     134  0    0    -1   0    0    0
23   0     0     8      0        0        24     134  0    0    -1   0    0    0
24   0     0     8      0        0        24     134  0    0    -1   0    0    0
25   0     0     8      0        0        24     134  0    0    -1   0    0    0
26   0     0     8      0        0        24     134  0    0    -1   0    0    0
