SET_SINGLEQUEUE full hub sweep — 2026-08-09, engine 2.16 build, editor, 3 arms (0/1/0) x 40s, settle-gated
Pre-registered criteria in sqfull.sh header. Raw rows: demo|A1(fps|stallmean|stallmax|over16|over33|polys)|B|A2

DEMO                                  OFF       ON   DELTA%  DRIFT%    tailON  tailOFF  stallOF stallON POLYS
----------------------------------------------------------------------------------------------------------------
[1] Aztec Game Kit Teaser            83.8     85.2     +1.7    -0.4        17       16    4.954   4.686 same
[2] Aztec Game Kit                  109.2    109.7     +0.5    +2.4        22       21    0.002   0.020 same
[3] Bounty                          157.0    160.5     +2.2    +0.0         0        1    1.454   1.355 same
[4] Horseshoe Bend                   96.8     96.3     -0.5    +0.4         0        2    0.001   0.002 same
[5] Island Showdown                  91.0     94.9     +4.2    +0.1         0        0    2.232   1.900 same
[6] Operation Amazon                105.9    112.3     +6.0    -0.7        21       21    2.841   2.523 same
[7] River Raiders                   144.6    147.6     +2.1    +0.2         0        3    0.077   0.029 same
[8] Snowy Mountain Stroll           146.3    151.3     +3.4    +4.4         0        0    0.001   0.001 same
[9] A Grand Canyon Adventure        136.8    139.9     +2.3    -0.3         0        0    0.909   0.910 same
[10] Disruption                     105.8    111.8     +5.7    -0.6         6        2    3.378   3.042 same
[11] Foggy Forest                    77.0     77.9     +1.2    +0.6         0        1    4.273   4.088 same
[12] Indian Strike Force            116.3    117.1     +0.7    +0.9        18       17    0.001   0.018 same
[13] Switch Escape                  201.7    233.5    +15.8    +0.7         0        0    0.953   0.446 same
[14] Canyon Offensive                92.9     97.2     +4.6    -0.3        19       18    1.380   0.978 same
[15] Escape from the Zombie Cellar    194.7    217.8    +11.9    +0.0         0        0    0.919   0.468 same
[16] Jungle Fever                   167.5    178.2     +6.4    +3.8         0        0    0.099   0.088 same
[17] RPG Template                   119.5    130.8     +9.5    -0.8        26       24    2.380   1.811 same
[18] The Mystery of Z Island        142.1    145.1     +2.1    -0.6         1        1    0.002   0.031 same
[19] Trapped                        210.9    246.2    +16.7    +0.2         0        0    0.743   0.137 same
-------------------------------------------------------------------------------------------------------------

Demos scored: 19   (failed/died: 0)
Mean delta: +5.07%   positive: 18/19

PRE-REGISTERED CRITERIA
  C1 FPS   : PASS  (positive 18/19, need >=16 of 19; regressions worse than -2%: 0)
  C2 TAIL  : PASS  (demos where ON tail >25% above OFF tail: 0)
  C3 POLYS : PASS  (demos with differing POLYS across arms: 0)

  => ALL CRITERIA PASS: flip the default.

=== RAW ===
[1] Aztec Game Kit Teaser|83.9|4.948|6.41|807|27|10313511|85.2|4.686|6.17|824|27|10313511|83.6|4.959|6.37|840|27|10313511
[2] Aztec Game Kit|107.9|0.002|0.73|782|27|3438876|109.7|0.020|4.92|804|27|3438876|110.5|0.002|0.18|825|27|3438876
[3] Bounty|157.0|1.470|2.88|682|20|463210|160.5|1.355|2.78|682|20|463210|157.0|1.438|2.78|683|20|463210
[4] Horseshoe Bend|96.6|0.001|0.01|742|29|2105365|96.3|0.002|0.58|742|29|2105365|97.0|0.001|0.02|744|29|2105365
[5] Island Showdown|91.0|2.244|3.55|785|22|4114598|94.9|1.900|3.03|785|22|4114598|91.1|2.220|3.42|785|22|4114598
[6] Operation Amazon|106.3|2.847|4.52|783|25|5496922|112.3|2.523|7.57|804|25|5496922|105.6|2.835|4.34|825|25|5496922
[7] River Raiders|144.4|0.125|1.13|722|24|1906072|147.6|0.029|0.92|722|24|1906072|144.7|0.029|1.59|725|25|1906072
[8] Snowy Mountain Stroll|143.1|0.001|0.01|657|27|81081|151.3|0.001|0.01|657|27|81081|149.5|0.001|0.01|657|27|81081
[9] A Grand Canyon Adventure|137.0|0.913|2.52|747|26|2272361|139.9|0.910|2.35|747|26|2272361|136.6|0.906|2.41|747|26|2272361
[10] Disruption|106.1|3.345|5.30|745|24|4665184|111.8|3.042|4.67|751|24|4665184|105.5|3.412|5.31|753|24|4665184
[11] Foggy Forest|76.7|4.267|5.95|689|28|10195894|77.9|4.088|5.79|689|28|10195894|77.2|4.279|5.89|690|28|10195894
[12] Indian Strike Force|115.8|0.001|0.09|765|26|3184527|117.1|0.018|2.82|783|26|3184527|116.8|0.001|0.22|800|26|3184527
[13] Switch Escape|201.0|0.913|1.72|646|24|109358|233.5|0.446|1.61|646|24|109358|202.4|0.992|1.80|646|24|109358
[14] Canyon Offensive|93.1|1.352|3.26|820|30|8816163|97.2|0.978|5.44|839|30|8816163|92.8|1.407|3.23|857|30|8816163
[15] Escape from the Zombie Cellar|194.7|0.908|1.71|571|21|28048|217.8|0.468|1.63|571|21|28048|194.7|0.930|1.75|571|21|28048
[16] Jungle Fever|164.3|0.108|0.95|676|28|74124|178.2|0.088|1.20|676|28|74124|170.7|0.090|0.95|676|28|74124
[17] RPG Template|120.0|2.436|4.46|741|30|3235005|130.8|1.811|5.71|767|30|3235005|119.0|2.323|4.30|791|30|3235005
[18] The Mystery of Z Island|142.5|0.002|0.09|694|25|704717|145.1|0.031|2.38|695|25|704717|141.7|0.002|0.30|696|25|704717
[19] Trapped|210.7|0.751|1.48|661|21|11209|246.2|0.137|1.09|661|21|11209|211.2|0.735|1.54|661|21|11209
